%%MatrixMarket matrix coordinate real general
9 60 60                                           
1 1 0.4472135954999579
1 2 0.4472135954999579
1 3 0.4472135954999579
1 4 0.4472135954999579
1 5 0.4472135954999579
2 6 0.17149858514250882
2 7 0.34299717028501764
2 8 0.34299717028501764
2 9 0.17149858514250882
2 10 0.5144957554275265
2 11 0.17149858514250882
2 12 0.34299717028501764
2 13 0.17149858514250882
2 14 0.17149858514250882
2 15 0.17149858514250882
2 16 0.17149858514250882
2 17 0.17149858514250882
2 18 0.34299717028501764
2 19 0.17149858514250882
3 20 0.35355339059327373
3 21 0.7071067811865475
3 22 0.35355339059327373
3 23 0.35355339059327373
3 24 0.35355339059327373
4 25 0.25819888974716115
4 26 0.25819888974716115
4 27 0.25819888974716115
4 28 0.5163977794943223
4 29 0.5163977794943223
4 30 0.5163977794943223
5 31 0.4588314677411236
5 32 0.2294157338705618
5 33 0.2294157338705618
5 34 0.2294157338705618
5 35 0.2294157338705618
5 36 0.2294157338705618
5 37 0.2294157338705618
5 38 0.2294157338705618
5 39 0.2294157338705618
5 40 0.2294157338705618
5 41 0.2294157338705618
5 42 0.4588314677411236
5 43 0.2294157338705618
6 44 0.7071067811865475
6 45 0.7071067811865475
7 46 0.5
7 47 0.5
7 48 0.5
7 49 0.5
8 50 0.408248290463863
8 51 0.408248290463863
8 52 0.408248290463863
8 53 0.408248290463863
8 54 0.408248290463863
8 55 0.408248290463863
9 56 0.35355339059327373
9 57 0.35355339059327373
9 58 0.35355339059327373
9 59 0.7071067811865475
9 60 0.35355339059327373
