%%MatrixMarket matrix coordinate real general
9 9 62                                            
1 8 1.0000000000000002
2 1 0.39435533489755714
2 2 -0.5614921689716884
2 3 -0.3153685246706695
2 4 -0.3390170628316794
2 5 0.11518400221592287
2 6 -0.28437846735355815
2 7 0.4697681041923711
3 1 -0.4113829517012899
3 2 0.03663567066098459
3 3 0.6097298584547962
3 4 -0.2951521879303162
3 5 0.3363568372157585
3 6 -0.056407268605940496
3 7 0.4688392862266202
3 9 0.18549555830406725
4 1 0.537080331458717
4 2 0.3786807651204411
4 3 0.08314105694017225
4 4 -0.4728180630135209
4 5 0.08824026529403982
4 6 0.5728588822750429
4 7 0.041504170952224216
5 1 0.1515296985042713
5 2 0.5265242254500128
5 3 0.028556836061659686
5 4 -0.3115236493813651
5 5 -0.013212594899300231
5 6 -0.7386658060393801
5 7 -0.14743868437223273
5 9 -0.18549555830406755
6 1 -0.11087250468394869
6 2 0.49564126340521586
6 3 -0.5367034260835448
6 4 0.2555513863686064
6 5 0.13047602562520094
6 6 0.009987936841342821
6 7 0.48366495254774444
6 9 0.37099111660813444
7 1 0.5471121794301055
7 2 -0.030882962044796652
7 3 0.40546508124894637
7 4 0.42442537312750445
7 5 0.03933834345925039
7 6 -0.20346679218152042
7 7 -0.05051748376897883
7 9 0.5564866749122019
8 1 -0.22844770099116182
8 2 -0.10899868956987041
8 3 -0.19310971039276975
8 4 -0.48020009428554045
8 5 -0.19427640366485638
8 6 -0.024489075885750552
8 7 -0.38188144650330824
8 9 0.6956083436402525
9 1 -0.004313195447574523
9 2 -0.06528978708973128
9 3 -0.1769192052625968
9 4 0.036237732434674604
9 5 0.8996226914982647
9 6 -0.007377404700680554
9 7 -0.39208372632048
